99
99
99
99
99
99
99
99
99
99
99
99
99
99
99
99
99
99
99
99
99
99
0.57188
0.91385
0.6355
99
0.12996
1.3446
99
0.83149
99
0.6355
1.2326
1.6735
99
1.1981
99
99
0.90381
0.79798
1.6521
99
1.0211
1.7311
0.18709
0.066128
99
0.038776
99
1.1425
1.3595
99
99
99
1.6389
99
99
99
1.7323
99
99
1.313
0.16295
1.4092
0.24443
99
99
0.82805
99
1.1
0.045267
99
0.045267
99
1.3947
99
0.21956
99
1.2762
99
0.16443
0.4206
99
1.3763
99
99
99
99
1.0879
1.4541
99
99
99
0.6355
99
99
99
99
1.3818
0.693
99
99
1.0384
99
0.6355
0.3683
99
99
99
99
0.93405
0.38271
1.4683
0.78849
1.2545
1.4464
0.55851
0.25475
99
99
99
99
99
99
99
99
99
99
99
99
99
99
0.48811
99
0.15985
99
1.1793
99
0.64605
99
99
0.68092
0.21822
0.6355
1.0596
1.7533
99
99
1.2205
1.4002
99
1.3449
99
0.693
99
99
99
0.98949
99
99
99
99
0.43095
99
99
99
0.66823
1.2977
0.16897
1.243
0.12267
0.47575
99
99
99
0.37321
1.7613
1.6099
0.49945
0.28122
99
99
99
99
99
99
99
99
1.2601
0.0022642
1.1888
99
1.2315
99
99
0.6355
0.24106
99
99
0.25762
0.44988
99
99
99
99
99
0.8331
99
99
1.4834
1.1713
99
99
99
99
99
99
99
99
99
99
99
99
99
0.30148
0.10664
0.56825
0.3889
99
99
99
99
0.00044307
99
99
99
0.81869
99
0.0029394
0.042835
99
1.8777
99
99
99
0.020355
99
0.80805
99
99
1.5564
99
1.7983
0.045267
0.5061
0.6355
1.7991
0.6355
0.30314
1.2885
99
0.95781
0.6355
99
0.93512
0.20704
0.013104
0.6355
0.52673
0.69531
1.7825
0.52288
1.2104
99
0.66909
1.3664
99
99
99
99
99
0.68883
1.6217
0.23414
0.59287
99
1.4458
1.7997
99
1.1065
99
99
99
99
99
99
99
99
99
0.88795
99
99
0.6355
99
99
0.60865
0.6355
99
99
1.0288
0.77021
99
99
99
99
99
99
1.1762
0.34874
99
0.6355
99
0.23424
99
0.085944
99
99
1.7533
99
99
0.18526
99
0.78242
99
99
99
99
99
0.28649
1.0619
99
1.6683
1.6367
1.7925
0.4361
99
99
99
1.1345
99
1.2127
0.50825
99
0.6355
99
99
99
1.0212
99
99
99
99
0.13993
99
99
1.4691
0.2223
99
1.6417
0.066154
0.46157
0.98
0.098747
0.47319
99
1.7374
0.13987
99
99
99
99
99
99
99
99
99
99
99
0.17149
0.46394
99
1.4337
0.83442
99
1.2615
99
99
0.5901
0.14867
0.58165
0.36293
99
0.93077
0.25146
99
1.3347
0.11965
99
99
1.0601
99
99
99
0.29546
99
99
0.042419
99
99
1.0637
99
99
99
1.1853
99
99
99
99
99
99
99
99
99
99
99
99
99
99
99
99
99
99
99
99
99
99
99
99
99
99
99
99
99
99
99
99
99
99
