99
99
99
99
99
99
99
99
99
99
99
99
99
99
99
99
99
99
99
99
-1.7399
-0.72876
99
99
99
-1.5928
99
99
-1.7045
99
-0.79734
99
99
99
-0.26303
99
-0.6349
-0.049282
99
99
99
-0.86637
99
99
99
99
99
99
-1.3128
99
99
99
99
-1.567
99
-1.4969
-0.41202
-2.6418
99
-0.20232
-1.2419
99
99
99
99
-0.79741
-1.0748
99
-1.6596
99
99
-0.72876
99
-0.33695
99
-0.15864
99
-1.8477
99
-0.75309
99
99
-0.8074
99
-1.6057
-1.5049
-0.23802
-0.45111
99
99
-1.2419
-0.095679
-0.52102
99
-2.4425
-0.10801
-1.2419
-1.567
99
99
-2.1589
-1.6804
99
-0.72876
99
99
-0.44462
-2.4675
-0.41202
-1.2419
99
99
99
99
99
99
99
99
99
99
99
99
99
99
99
99
99
99
99
99
-0.21703
-0.98314
99
-0.064217
99
-2.4425
99
-0.21677
99
-0.026544
-0.267
99
99
99
99
99
-0.67671
-0.51764
99
99
-0.080549
99
-2.1589
99
-1.5745
-1.2419
-0.43259
99
-0.84778
-0.82744
-0.90378
-1.2511
99
-0.34537
-1.0572
-0.33577
99
99
99
99
99
99
-0.56635
-1.2591
-0.30521
99
99
99
99
99
99
99
99
99
99
99
99
-0.25227
99
99
99
-1.7399
99
-1.7705
-0.69765
99
99
-2.1589
-0.66199
99
99
-0.45009
-0.20567
-0.31041
99
-0.051015
99
-3.0638
-1.6027
99
99
99
99
99
99
99
99
99
99
99
99
99
99
99
99
99
99
99
-0.41202
-0.042463
-0.78855
-1.1624
99
-0.47063
-0.52313
-0.52102
99
-0.6957
99
99
-0.28612
99
-0.52102
-0.5225
-1.6596
99
-0.52102
99
-0.68196
-0.42376
99
-1.8455
99
99
99
99
99
99
99
99
-0.25708
99
99
-1.6596
99
99
99
99
99
99
99
99
99
-1.4138
99
99
-0.0012419
-0.22747
-0.42767
-0.52102
-0.30088
99
99
99
99
-0.79741
99
99
-0.9862
99
-0.092105
-0.97136
-2.4425
-1.4426
-0.31119
-1.3513
-0.27987
-0.77951
-0.42615
99
-0.51353
-0.33076
99
-0.42177
-2.1589
99
99
-0.17013
-0.69527
99
99
99
99
99
99
99
99
99
99
-0.24324
99
-0.90367
99
-0.42673
99
-0.92266
-0.14463
99
-1.0936
99
99
-0.034168
99
99
99
99
99
-0.41654
99
99
-1.1214
99
99
99
99
-0.49045
-1.7973
-0.52102
99
-0.36616
99
99
-0.15663
99
-2.2661
-0.47842
-0.52102
99
-0.32307
-0.68281
-1.3641
-0.80216
99
-0.71606
-1.5818
99
99
-2.1878
99
99
99
99
99
99
-0.38873
99
99
-0.059742
-0.32811
99
99
99
99
99
99
99
99
99
99
99
-1.1628
99
99
-0.85765
99
-0.42759
-0.083929
99
99
99
99
-0.071158
99
99
-0.34745
99
99
-0.77355
-0.064719
99
-0.081797
-0.7176
-0.81929
99
-0.1888
-1.0904
99
-0.63652
-0.5225
99
-0.84404
-1.567
-0.41202
99
-0.9241
99
99
99
99
99
99
99
99
99
99
99
99
99
99
99
99
99
99
99
99
99
99
99
99
99
99
99
99
99
99
99
99
99
